freq=[1000000
1023292.99200000
1047128.54800000
1071519.30500000
1096478.19600000
1122018.45400000
1148153.62100000
1174897.55500000
1202264.43500000
1230268.77100000
1258925.41200000
1288249.55200000
1318256.73900000
1348962.88300000
1380384.26500000
1412537.54500000
1445439.77100000
1479108.38800000
1513561.24800000
1548816.61900000
1584893.19200000
1621810.09700000
1659586.90700000
1698243.65200000
1737800.82900000
1778279.41000000
1819700.85900000
1862087.13700000
1905460.71800000
1949844.60000000
1995262.31500000
2041737.94500000
2089296.13100000
2137962.09000000
2187761.62400000
2238721.13900000
2290867.65300000
2344228.81500000
2398832.91900000
2454708.91600000
2511886.43200000
2570395.78300000
2630267.99200000
2691534.80400000
2754228.70300000
2818382.93100000
2884031.50300000
2951209.22700000
3019951.72000000
3090295.43300000
3162277.66000000
3235936.56900000
3311311.21500000
3388441.56100000
3467368.50500000
3548133.89200000
3630780.54800000
3715352.29100000
3801893.96300000
3890451.45000000
3981071.70600000
4073802.77800000
4168693.83500000
4265795.18800000
4365158.32200000
4466835.92200000
4570881.89600000
4677351.41300000
4786300.92300000
4897788.19400000
5011872.33600000
5128613.84000000
5248074.60200000
5370317.96400000
5495408.73900000
5623413.25200000
5754399.37300000
5888436.55400000
6025595.86100000
6165950.01900000
6309573.44500000
6456542.29000000
6606934.48000000
6760829.75400000
6918309.70900000
7079457.84400000
7244359.60100000
7413102.41300000
7585775.75000000
7762471.16600000
7943282.34700000
8128305.16200000
8317637.71100000
8511380.38200000
8709635.90000000
8912509.38100000
9120108.39400000
9332543.00800000
9549925.86000000
9772372.21000000
10000000
10232929.9200000
10471285.4800000
10715193.0500000
10964781.9600000
11220184.5400000
11481536.2100000
11748975.5500000
12022644.3500000
12302687.7100000
12589254.1200000
12882495.5200000
13182567.3900000
13489628.8300000
13803842.6500000
14125375.4500000
14454397.7100000
14791083.8800000
15135612.4800000
15488166.1900000
15848931.9200000
16218100.9700000
16595869.0700000
16982436.5200000
17378008.2900000
17782794.1000000
18197008.5900000
18620871.3700000
19054607.1800000
19498446
19952623.1500000
20417379.4500000
20892961.3100000
21379620.9000000
21877616.2400000
22387211.3900000
22908676.5300000
23442288.1500000
23988329.1900000
24547089.1600000
25118864.3200000
25703957.8300000
26302679.9200000
26915348.0400000
27542287.0300000
28183829.3100000
28840315.0300000
29512092.2700000
30199517.2000000
30902954.3300000
31622776.6000000
32359365.6900000
33113112.1500000
33884415.6100000
34673685.0500000
35481338.9200000
36307805.4800000
37153522.9100000
38018939.6300000
38904514.5000000
39810717.0600000
40738027.7800000
41686938.3500000
42657951.8800000
43651583.2200000
44668359.2200000
45708818.9600000
46773514.1300000
47863009.2300000
48977881.9400000
50118723.3600000
51286138.4000000
52480746.0200000
53703179.6400000
54954087.3900000
56234132.5200000
57543993.7300000
58884365.5400000
60255958.6100000
61659500.1900000
63095734.4500000
64565422.9000000
66069344.8000000
67608297.5400000
69183097.0900000
70794578.4400000
72443596.0100000
74131024.1300000
75857757.5000000
77624711.6600000
79432823.4700000
81283051.6200000
83176377.1100000
85113803.8200000
87096359
89125093.8100000
91201083.9400000
93325430.0800000
95499258.6000000
97723722.1000000
100000000
102329299.200000
104712854.800000
107151930.500000
109647819.600000
112201845.400000
114815362.100000
117489755.500000
120226443.500000
123026877.100000
125892541.200000
128824955.200000
131825673.900000
134896288.300000
138038426.500000
141253754.500000
144543977.100000
147910838.800000
151356124.800000
154881661.900000
158489319.200000
162181009.700000
165958690.700000
169824365.200000
173780082.900000
177827941
181970085.900000
186208713.700000
190546071.800000
194984460
199526231.500000
204173794.500000
208929613.100000
213796209
218776162.400000
223872113.900000
229086765.300000
234422881.500000
239883291.900000
245470891.600000
251188643.200000
257039578.300000
263026799.200000
269153480.400000
275422870.300000
281838293.100000
288403150.300000
295120922.700000
301995172
309029543.300000
316227766
323593656.900000
331131121.500000
338844156.100000
346736850.500000
354813389.200000
363078054.800000
371535229.100000
380189396.300000
389045145
398107170.600000
407380277.800000
416869383.500000
426579518.800000
436515832.200000
446683592.200000
457088189.600000
467735141.300000
478630092.300000
489778819.400000
501187233.600000
512861384
524807460.200000
537031796.400000
549540873.900000
562341325.200000
575439937.300000
588843655.400000
602559586.100000
616595001.900000
630957344.500000
645654229
660693448
676082975.400000
691830970.900000
707945784.400000
724435960.100000
741310241.300000
758577575
776247116.600000
794328234.700000
812830516.200000
831763771.100000
851138038.200000
870963590
891250938.100000
912010839.400000
933254300.800000
954992586
977237221
1000000000.00000
1023292992.00000
1047128548.00000
1071519305.00000
1096478196.00000
1122018454.00000
1148153621.00000
1174897555.00000
1202264435.00000
1230268771.00000
1258925412.00000
1288249552.00000
1318256739.00000
1348962883.00000
1380384265.00000
1412537545.00000
1445439771.00000
1479108388.00000
1513561248.00000
1548816619.00000
1584893192.00000
1621810097.00000
1659586907.00000
1698243652.00000
1737800829.00000
1778279410.00000
1819700859.00000
1862087137.00000
1905460718.00000
1949844600.00000
1995262315.00000
2041737945.00000
2089296131.00000
2137962090.00000
2187761624.00000
2238721139.00000
2290867653.00000
2344228815.00000
2398832919.00000
2454708916.00000
2511886432.00000
2570395783.00000
2630267992.00000
2691534804.00000
2754228703.00000
2818382931.00000
2884031503.00000
2951209227.00000
3019951720.00000
3090295433.00000
3162277660.00000
3235936569.00000
3311311215.00000
3388441561.00000
3467368505.00000
3548133892.00000
3630780548.00000
3715352291.00000
3801893963.00000
3890451450.00000
3981071706.00000
4073802778.00000
4168693835.00000
4265795188.00000
4365158322.00000
4466835922.00000
4570881896.00000
4677351413.00000
4786300923.00000
4897788194.00000
5011872336.00000
5128613840.00000
5248074602.00000
5370317964.00000
5495408739.00000
5623413252.00000
5754399373.00000
5888436554.00000
6025595861.00000
6165950019.00000
6309573445.00000
6456542290.00000
6606934480.00000
6760829754.00000
6918309709.00000
7079457844.00000
7244359601.00000
7413102413.00000
7585775750.00000
7762471166.00000
7943282347.00000
8128305162.00000
8317637711.00000
8511380382.00000
8709635900.00000
8912509381.00000
9120108394.00000
9332543008.00000
9549925860.00000
9772372210.00000
10000000000.0000
10232929920.0000
10471285480.0000
10715193050.0000
10964781960.0000
11220184540.0000
11481536210.0000
11748975550.0000
12022644350.0000
12302687710.0000
12589254120.0000
12882495520.0000
13182567390.0000
13489628830.0000
13803842650.0000
14125375450.0000
14454397710.0000
14791083880.0000
15135612480.0000
15488166190.0000
15848931920.0000
16218100970.0000
16595869070.0000
16982436520.0000
17378008290.0000
17782794100.0000
18197008590.0000
18620871370.0000
19054607180.0000
19498446000.0000
19952623150.0000
20417379450.0000
20892961310.0000
21379620900.0000
21877616240.0000
22387211390.0000
22908676530.0000
23442288150.0000
23988329190.0000
24547089160.0000
25118864320.0000
25703957830.0000
26302679920.0000
26915348040.0000
27542287030.0000
28183829310.0000
28840315030.0000
29512092270.0000
30199517200.0000
30902954330.0000
31622776600.0000
32359365690.0000
33113112150.0000
33884415610.0000
34673685050.0000
35481338920.0000
36307805480.0000
37153522910.0000
38018939630.0000
38904514500.0000
39810717060.0000
40738027780.0000
41686938350.0000
42657951880.0000
43651583220.0000
44668359220.0000
45708818960.0000
46773514130.0000
47863009230.0000
48977881940.0000
50118723360.0000
51286138400.0000
52480746020.0000
53703179640.0000
54954087390.0000
56234132520.0000
57543993730.0000
58884365540.0000
60255958610.0000
61659500190.0000
63095734450.0000
64565422900.0000
66069344800.0000
67608297540.0000
69183097090.0000
70794578440.0000
72443596010.0000
74131024130.0000
75857757500.0000
77624711660.0000
79432823470.0000
81283051620.0000
83176377110.0000
85113803820.0000
87096359000.0000
89125093810.0000
91201083940.0000
93325430080.0000
95499258600.0000
97723722100.0000
100000000000.000
102329299200.000
104712854800.000
107151930500.000
109647819600.000
112201845400.000
114815362100.000
117489755500.000
120226443500.000
123026877100.000
125892541200.000
128824955200.000
131825673900.000
134896288300.000
138038426500.000
141253754500.000
144543977100.000
147910838800.000
151356124800.000
154881661900.000
158489319200.000
162181009700.000
165958690700.000
169824365200.000
173780082900.000
177827941000.000
181970085900.000
186208713700.000
190546071800.000
194984460000.000
199526231500.000
204173794500.000
208929613100.000
213796209000.000
218776162400.000
223872113900.000
229086765300.000
234422881500.000
239883291900.000
245470891600.000
251188643200.000
257039578300.000
263026799200.000
269153480400.000
275422870300.000
281838293100.000
288403150300.000
295120922700.000
301995172000.000
309029543300.000
316227766000.000
323593656900.000
331131121500.000
338844156100.000
346736850500.000
354813389200.000
363078054800.000
371535229100.000
380189396300.000
389045145000.000
398107170600.000
407380277800.000
416869383500.000
426579518800.000
436515832200.000
446683592200.000
457088189600.000
467735141300.000
478630092300.000
489778819400.000
501187233600.000
512861384000.000
524807460200.000
537031796400.000
549540873900.000
562341325200.000
575439937300.000
588843655400.000
602559586100.000
616595001900.000
630957344500.000
645654229000.000
660693448000.000
676082975400.000
691830970900.000
707945784400.000
724435960100.000
741310241300.000
758577575000.000
776247116600.000
794328234700.000
812830516200.000
831763771100.000
851138038200.000
870963590000.000
891250938100.000
912010839400.000
933254300800.000
954992586000.000
977237221000.000
1000000000000.00
1023292992000.00
1047128548000.00
1071519305000.00
1096478196000.00
1122018454000.00
1148153621000.00
1174897555000.00
1202264435000.00
1230268771000.00
1258925412000.00
1288249552000.00
1318256739000.00
1348962883000.00
1380384265000.00
1412537545000.00
1445439771000.00
1479108388000.00
1513561248000.00
1548816619000.00
1584893192000.00
1621810097000.00
1659586907000.00
1698243652000.00
1737800829000.00
1778279410000.00
1819700859000.00
1862087137000.00
1905460718000.00
1949844600000.00
1995262315000.00
2041737945000.00
2089296131000.00
2137962090000.00
2187761624000.00
2238721139000.00
2290867653000.00
2344228815000.00
2398832919000.00
2454708916000.00
2511886432000.00
2570395783000.00
2630267992000.00
2691534804000.00
2754228703000.00
2818382931000.00
2884031503000.00
2951209227000.00
3019951720000.00
3090295433000.00
3162277660000.00
3235936569000.00
3311311215000.00
3388441561000.00
3467368505000.00
3548133892000.00
3630780548000.00
3715352291000.00
3801893963000.00
3890451450000.00
3981071706000.00
4073802778000.00
4168693835000.00
4265795188000.00
4365158322000.00
4466835922000.00
4570881896000.00];

psd_measured=[4.75015724105784e-08
4.69509552166768e-08
4.64072421388773e-08
4.58703352638487e-08
4.53401384559881e-08
4.48165572704831e-08
4.42994989523209e-08
4.37888723936391e-08
4.32845881083803e-08
4.27865582124612e-08
4.22946963814370e-08
4.18089178651469e-08
4.13291393860190e-08
4.08552792096381e-08
4.03872570413300e-08
3.99249940349752e-08
3.94684127853412e-08
3.90174372787778e-08
3.85719928605621e-08
3.81320062688434e-08
3.76974055340651e-08
3.72681200123055e-08
3.68440803353557e-08
3.64252183930042e-08
3.60114673192672e-08
3.56027614591972e-08
3.51990363272114e-08
3.48002286181717e-08
3.44062761484828e-08
3.40171178551572e-08
3.36326937539113e-08
3.32529449185493e-08
3.28778134524677e-08
3.25072424726156e-08
3.21411760686798e-08
3.17795592847681e-08
3.14223380821167e-08
3.10694593293784e-08
3.07208707832351e-08
3.03765210307102e-08
3.00363594720932e-08
2.97003363227137e-08
2.93684025723383e-08
2.90405099531848e-08
2.87166109111832e-08
2.83966586185493e-08
2.80806069134824e-08
2.77684103122654e-08
2.74600239548517e-08
2.71554035971806e-08
2.68545056326890e-08
2.65572869978229e-08
2.62637052462639e-08
2.59737184435994e-08
2.56872852276964e-08
2.54043647411194e-08
2.51249166616114e-08
2.48489011507257e-08
2.45762788681299e-08
2.43070109712567e-08
2.40410590677864e-08
2.37783852411919e-08
2.35189520353039e-08
2.32627224170372e-08
2.30096598381636e-08
2.27597281424317e-08
2.25128916274542e-08
2.22691150206561e-08
2.20283634543534e-08
2.17906024784804e-08
2.15557980617645e-08
2.13239165714289e-08
2.10949247840275e-08
2.08687898782098e-08
2.06454794035889e-08
2.04249613523655e-08
2.02072040519548e-08
1.99921762445755e-08
1.97798470504630e-08
1.95701859665763e-08
1.93631628678296e-08
1.91587480007845e-08
1.89569119802997e-08
1.87576257836684e-08
1.85608607488061e-08
1.83665885777036e-08
1.81747813224245e-08
1.79854113859198e-08
1.77984515182729e-08
1.76138748057335e-08
1.74316546696843e-08
1.72517648720530e-08
1.70741795045463e-08
1.68988729681499e-08
1.67258199943601e-08
1.65549956199280e-08
1.63863752113748e-08
1.62199344180332e-08
1.60556491856838e-08
1.58934957636569e-08
1.57334507120094e-08
1.55754908420143e-08
1.54195932541948e-08
1.52657353401091e-08
1.51138947535437e-08
1.49640493888945e-08
1.48161774508766e-08
1.46702573607455e-08
1.45262678015994e-08
1.43841877170698e-08
1.42439962898263e-08
1.41056729333779e-08
1.39691972992128e-08
1.38345492661512e-08
1.37017089584599e-08
1.35706566975909e-08
1.34413730487771e-08
1.33138387719175e-08
1.31880348508154e-08
1.30639424811629e-08
1.29415430424633e-08
1.28208181445450e-08
1.27017495697076e-08
1.25843193194960e-08
1.24685095572976e-08
1.23543026555267e-08
1.22416811558504e-08
1.21306278082748e-08
1.20211255122931e-08
1.19131573548184e-08
1.18067065999200e-08
1.17017566699809e-08
1.15982911629861e-08
1.14962938437421e-08
1.13957486233630e-08
1.12966395784308e-08
1.11989509406437e-08
1.11026671161318e-08
1.10077726164461e-08
1.09142521468168e-08
1.08220905163444e-08
1.07312727174826e-08
1.06417838560209e-08
1.05536091899947e-08
1.04667340914364e-08
1.03811440927366e-08
1.02968248393493e-08
1.02137621235629e-08
1.01319418446053e-08
1.00513500383142e-08
9.97197286227247e-09
9.89379659298019e-09
9.81680762851166e-09
9.74099248020069e-09
9.66633777711032e-09
9.59283026073279e-09
9.52045678449888e-09
9.44920431127499e-09
9.37905990760738e-09
9.31001075130225e-09
9.24204411783054e-09
9.17514738877707e-09
9.10930804227466e-09
9.04451365373299e-09
8.98075189366203e-09
8.91801052734437e-09
8.85627740700477e-09
8.79554047596682e-09
8.73578775848864e-09
8.67700736527384e-09
8.61917815174173e-09
8.56221360958916e-09
8.50618098607507e-09
8.45106859968536e-09
8.39686485425552e-09
8.34355823960643e-09
8.29113733003027e-09
8.23959078271039e-09
8.18890733917742e-09
8.13907582526498e-09
8.09008514764974e-09
8.04192429651307e-09
7.99458234477177e-09
7.94804844701021e-09
7.90231183673151e-09
7.85736183467550e-09
7.81318783790952e-09
7.76977932666576e-09
7.72712586432026e-09
7.68521709252956e-09
7.64404273577617e-09
7.60359260149461e-09
7.56385657650146e-09
7.52482462874099e-09
7.48648681088939e-09
7.44883325466119e-09
7.41185417522958e-09
7.37553986906909e-09
7.33988071768939e-09
7.30486718203428e-09
7.27048980826342e-09
7.23674325488937e-09
7.20361425987339e-09
7.17109362221862e-09
7.13917222318387e-09
7.10784103086532e-09
7.07709109507904e-09
7.04691355261978e-09
7.01729962664551e-09
6.98824062172003e-09
6.95972793361276e-09
6.93175304045881e-09
6.90430750881390e-09
6.87738299075488e-09
6.85097122691224e-09
6.82506404236918e-09
6.79965335375356e-09
6.77473116144071e-09
6.75029169640112e-09
6.72632839234882e-09
6.70283021070049e-09
6.67978950950933e-09
6.65719873567110e-09
6.63505042434275e-09
6.61333720178309e-09
6.59205177968350e-09
6.57118696216061e-09
6.55073564172378e-09
6.53069079953877e-09
6.51104550660226e-09
6.49179292286460e-09
6.47293258389852e-09
6.45445238346882e-09
6.43634503763827e-09
6.41860406854905e-09
6.40122308574514e-09
6.38419579087218e-09
6.36751597111256e-09
6.35117750506010e-09
6.33517435875570e-09
6.31950232860353e-09
6.30416062361886e-09
6.28913683185852e-09
6.27442527520490e-09
6.26002036659690e-09
6.24591660472320e-09
6.23210857740593e-09
6.21859095655485e-09
6.20536136731790e-09
6.19241900376399e-09
6.17975179012293e-09
6.16735475059224e-09
6.15522299658132e-09
6.14335172207006e-09
6.13173621011230e-09
6.12037861601966e-09
6.10927244834800e-09
6.09840863851505e-09
6.08778281029633e-09
6.07739067253903e-09
6.06722801686748e-09
6.05730099476309e-09
6.04759820602779e-09
6.03811306014444e-09
6.02884168452430e-09
6.01978029320585e-09
6.01093494288001e-09
6.00229713914654e-09
5.99385877354809e-09
5.98561639288280e-09
5.97756824569544e-09
5.96972372708346e-09
5.96206568967370e-09
5.95459101461512e-09
5.94729666130678e-09
5.94019635912029e-09
5.93327158056241e-09
5.92651892041469e-09
5.91993910018532e-09
5.91354146243799e-09
5.90730854047548e-09
5.90123788486396e-09
5.89534134112293e-09
5.88960869566214e-09
5.88403199433414e-09
5.87861959464374e-09
5.87337031837622e-09
5.86827150089077e-09
5.86333250441988e-09
5.85855231735068e-09
5.85391797307771e-09
5.84944451533475e-09
5.84512186669711e-09
5.84094279870158e-09
5.83692857305520e-09
5.83305475905201e-09
5.82933553305918e-09
5.82576653593947e-09
5.82234210977985e-09
5.81907700858855e-09
5.81594967045053e-09
5.81298856689843e-09
5.81016519418758e-09
5.80750574300317e-09
5.80498804873290e-09
5.80263533150798e-09
5.80042618894621e-09
5.79838650735274e-09
5.79649269035607e-09
5.79477096980284e-09
5.79320295126721e-09
5.79180310410910e-09
5.79057056945175e-09
5.78950015413708e-09
5.78861431270578e-09
5.78789642985172e-09
5.78735611896870e-09
5.78700562678454e-09
5.78683599189234e-09
5.78685372815459e-09
5.78707621945484e-09
5.78749452831414e-09
5.78811462841960e-09
5.78894449936147e-09
5.78999730227627e-09
5.79126998709362e-09
5.79276961797179e-09
5.79450354887787e-09
5.79647941740117e-09
5.79870521030106e-09
5.80119222941923e-09
5.80394497603920e-09
5.80697253313555e-09
5.81028437007194e-09
5.81389036273500e-09
5.81780081650761e-09
5.82202648907754e-09
5.82657861294079e-09
5.83146892042501e-09
5.83671307091562e-09
5.84232207520145e-09
5.84830844377826e-09
5.85468617510403e-09
5.86146991990464e-09
5.86867763843640e-09
5.87632867710116e-09
5.88443449310620e-09
5.89301337663763e-09
5.90209259537054e-09
5.91168242399806e-09
5.92180920249635e-09
5.93249330198261e-09
5.94375712534147e-09
5.95562556968088e-09
5.96812361273566e-09
5.98127458592499e-09
5.99511184114330e-09
6.00965780825628e-09
6.02494308786654e-09
6.04100223356690e-09
6.05786456552290e-09
6.07556349959801e-09
6.09413431250898e-09
6.11361359080745e-09
6.13403930805902e-09
6.15545090249319e-09
6.17788935269884e-09
6.20139725532136e-09
6.22601890897714e-09
6.25180039240801e-09
6.27879100969968e-09
6.30703945836145e-09
6.33659730180596e-09
6.36751987384947e-09
6.39986178356780e-09
6.43368215228555e-09
6.46904074543977e-09
6.50600067722613e-09
6.54462680379924e-09
6.58498676560586e-09
6.62715067512545e-09
6.67119118809672e-09
6.71718363650617e-09
6.76520618510083e-09
6.81533997502464e-09
6.86766929284982e-09
6.92228173259598e-09
6.97926649085095e-09
7.03871839127115e-09
7.10073453912897e-09
7.16541601529827e-09
7.23286627316305e-09
7.30319564397238e-09
7.37651645496767e-09
7.45294551927365e-09
7.53260447385732e-09
7.61562017323974e-09
7.70212510851448e-09
7.79225791963955e-09
7.88615679702256e-09
7.98397914519856e-09
8.08587396260682e-09
8.19201145484759e-09
8.30256342925490e-09
8.41771155827840e-09
8.53764870685926e-09
8.66258050199353e-09
8.79272723198599e-09
8.92831556823950e-09
9.06960726492261e-09
9.21686645076865e-09
9.37039495353884e-09
9.53051930908533e-09
9.69760064782495e-09
9.87204094272409e-09
1.00542877356353e-08
1.02448622501624e-08
1.04443405273254e-08
1.06533996916516e-08
1.08728227691751e-08
1.11035252501445e-08
1.13465756781969e-08
1.16032658241584e-08
1.18751105229454e-08
1.21639538024030e-08
1.24720138432734e-08
1.28019932083829e-08
1.31571843432655e-08
1.35416676073039e-08
1.39604659641746e-08
1.44198515861154e-08
1.49276921891563e-08
1.54939512965449e-08
1.61313091522746e-08
1.68561195009086e-08
1.76896516712596e-08
1.86599098358116e-08
1.98042365491606e-08
2.11730815743023e-08
2.28354713695914e-08
2.48866988305194e-08
2.74584905639770e-08
3.07286766191969e-08
3.49165934537594e-08
4.02096014068284e-08
4.64531274919372e-08
5.23273665896707e-08
5.46714968382620e-08
5.11234297171255e-08
4.37884349081419e-08
3.61316820052529e-08
2.96720399881360e-08
2.45445833262953e-08
2.04910039029427e-08
1.72394508623871e-08
1.45857665804172e-08
1.23903382386122e-08
1.05595107004965e-08
9.02875775902455e-09
7.75070435276897e-09
6.68768215748517e-09
5.80773218660174e-09
5.08281142294388e-09
4.48815036541205e-09
4.00204415480580e-09
3.60571475155415e-09
3.28312075473998e-09
3.02071347852489e-09
2.80716285834503e-09
2.63308431400079e-09
2.49077618006155e-09
2.37397659074407e-09
2.27763989296296e-09
2.19773441981352e-09
2.13106357708067e-09
2.07510893374695e-09
2.02789701432375e-09
1.98788798860337e-09
1.95388290157898e-09
1.92494906504341e-09
1.90035864773799e-09
1.87953944018890e-09
1.86203389365609e-09
1.84746509158445e-09
1.83550683889462e-09
1.82585605988727e-09
1.81820604233116e-09
1.81221834995154e-09
1.80749244180175e-09
1.80353200242231e-09
1.79970805414830e-09
1.79522135356567e-09
1.78906961568360e-09
1.78003074683911e-09
1.76667973224423e-09
1.74746210183612e-09
1.72084465467742e-09
1.68554737354224e-09
1.64082153844723e-09
1.58669577779226e-09
1.52408640135760e-09
1.46158185452879e-09
1.39393934287652e-09
1.32161680250369e-09
1.24506571261956e-09
1.16473202599017e-09
1.08105838596485e-09
9.94488624686979e-10
9.05476474360863e-10
8.14502378664289e-10
7.22106661708219e-10
6.28957351553787e-10
5.35995933532321e-10
4.44770672552384e-10
3.58249498066597e-10
2.82845093989974e-10
2.32437261141782e-10
2.27775706143687e-10
2.74686303929133e-10
3.56800293157283e-10
4.59371966610843e-10
5.75867733303836e-10
7.04366436474022e-10
8.45153661994979e-10
9.99722748233823e-10
1.17037049876782e-09
1.36002246194293e-09
1.57214950489616e-09
1.81072327235255e-09
2.08019059279110e-09
2.38546010611401e-09
2.73189961217308e-09
3.12534420178614e-09
3.57211560907191e-09
4.07905245521670e-09
4.65355093381771e-09
5.30361462441369e-09
6.03791263800516e-09
6.86584484765413e-09
7.79761344687705e-09
8.84430047882228e-09
1.00179509704407e-08
1.13316617632308e-08
1.27996762068441e-08
1.44374850849982e-08
1.62619344412032e-08
1.82913405304703e-08
2.05456129128233e-08
2.30463861193513e-08
2.58171610327859e-08
2.88834559036395e-08
3.22729693955285e-08
3.60157548004188e-08
4.01444075777615e-08
4.46942672735832e-08
4.97036335655633e-08
5.52140000176619e-08
6.12703036847453e-08
6.79211950638618e-08
7.52193273889969e-08
8.32216679473530e-08
9.19898328473655e-08
1.01590447307418e-07
1.12095532025644e-07
1.23582919743214e-07
1.36136702368102e-07
1.49847711006746e-07
1.64814033890137e-07
1.81141570448430e-07
1.98944629095349e-07
2.18346567483237e-07
2.39480482912791e-07
2.62489951284971e-07
2.87529824179195e-07
3.14767081702407e-07
3.44381751895848e-07
3.76567896494070e-07
4.11534670424484e-07
4.49507458184478e-07
4.90729097655516e-07
5.35461190722417e-07
5.83985513091235e-07
6.36605527660459e-07
6.93648008018147e-07
7.55464783753973e-07
8.22434613701542e-07
8.94965195256556e-07
9.73495324029591e-07
1.05849721088390e-06
1.15047896912404e-06
1.24998728403218e-06
1.35761027933979e-06
1.47398059131942e-06
1.59977867288578e-06
1.73573633391677e-06
1.88264054269976e-06
2.04133751069460e-06
2.21273706343549e-06
2.39781734604849e-06
2.59762986109251e-06
2.81330487564780e-06
3.04605722806922e-06
3.29719256386968e-06
3.56811398997065e-06
3.86032927719219e-06
4.17545851852132e-06
4.51524240085635e-06
4.88155105448385e-06
5.27639351353840e-06
5.70192793114981e-06
6.16047251042370e-06
6.65451719286736e-06
7.18673623963454e-06
7.76000170691690e-06
8.37739791471438e-06
9.04223694214092e-06
9.75807526139635e-06
1.05287315735376e-05
1.13583059559514e-05
1.22512003699644e-05
1.32121405904153e-05
1.42461999579797e-05
1.53588245211616e-05
1.65558602661911e-05
1.78435822006557e-05
1.92287254574607e-05
2.07185189475884e-05
2.23207210187276e-05
2.40436580734667e-05
2.58962657912413e-05
2.78881332622017e-05
3.00295505562044e-05
3.23315594015177e-05
3.48060078822072e-05
3.74656086731462e-05
4.03240019817859e-05
4.33958224143749e-05
4.66967712623461e-05
5.02436937105058e-05
5.40546614399218e-05
5.81490615536087e-05
6.25476916940426e-05
6.72728621353649e-05
7.23485050462460e-05
7.78002917408667e-05
8.36557585276456e-05
8.99444412248387e-05
9.66980197784761e-05
0.000103950472856414
0.000111738244483472
0.000120100420863932
0.000129078922352719
0.000138718707119749
0.000149067990300343
0.000160178479708182
0.000172105626338929
0.000184908895982669
0.000198652056852131
0.000213403491047760
0.000229236526438326
0.000246229792913636
0.000264467604311494
0.000284040368513208
0.000305045025040962
0.000327585516453563
0.000351773292251804
0.000377727847987745].';